99810
97380
88942
8721
86394
45389
71297
34161
72342
73509
33292
17546
70522
39109
62037
47708
19747
94817
24794
35163
54137
71789
81887
90513
58479
47195
82465
28655
91869
50488
45014
35237
62233
18322
93511
45368
22666
13562
22337
50736
11130
84678
72470
62889
96878
38150
7307
40318
51497
83212
66855
16719
54611
49894
75915
51982
9393
26900
21511
91858
10343
15942
54656
52317
47460
37263
42538
21564
58875
6308
54349
7946
74947
88014
44664
87790
80010
26862
41198
95687
47702
29852
49540
97590
89695
99559
14288
49978
23795
57115
27749
93689
59850
51661
8652
45946
34439
93890
48439
98540
72322
56823
41460
64940
36477
12582
33459
24895
16064
65061
95889
65813
52262
5636
96465
64148
87032
926
18520
23136
61332
33384
62277
85247
17952
59230
37069
34304
21191
93892
94744
58388
69671
84644
31027
87521
62911
73981
76564
20262
92442
50774
89148
2190
41661
34371
11805
49356
97465
29007
22576
89634
92318
86336
59638
53883
7453
17373
60640
44497
65914
30982
95759
33575
2735
90147
46830
42533
52798
73147
9847
59432
98122
5082
18913
47497
1087
58222
14714
10592
89339
38019
11151
92723
7818
85861
95211
79547
33087
484
32276
51991
83786
15989
5532
38964
22736
77132
29506
38357
63015
52141
18686
33637
46908
8332
66886
19646
85022
62225
57676
61305
49138
68595
17042
70982
58574
35943
34073
51923
39519
62922
50691
54868
93128
28161
86966
85399
69139
38356
32257
41307
7642
79810
60296
96058
39991
47858
76179
26867
4518
9418
65931
84757
98260
63146
15700
15718
9599
91549
48319
26589
39780
92482
49676
74143
99343
90708
21457
62028
97230
88442
62623
52135
37897
28884
98012
92718
68500
97361
8151
26661
4926
79772
36672
86248
9959
12727
8990
18310
31999
67445
58592
13835
27064
51302
2780
21518
10991
9826
79393
8125
75512
51135
90834
31297
93836
43860
48211
77589
19045
24814
9548
72045
38131
84599
21838
99454
45110
38975
56393
93557
2195
58824
11996
737
79214
8272
26608
3601
62374
45777
50589
47328
15751
25338
58375
67546
27038
53020
41726
41216
67011
29374
38880
69161
7605
71604
18360
45689
48883
41607
78663
43473
74552
43059
43928
88110
74075
81569
44849
25239
77304
52562
16732
43061
19255
7687
74591
79377
14876
99659
44029
91103
47724
78637
47412
58232
50655
16608
35580
35844
13452
96570
18056
50436
18391
37746
85703
28778
95401
74860
2002
81326
63304
39768
23792
86574
66257
27058
87775
22824
41388
51480
40554
63303
94782
86047
55107
99863
79101
11892
14588
15790
71814
78612
17689
44012
8125
67457
93853
54291
24236
3319
2030
21827
68891
96206
32060
50811
9754
72768
98593
52030
39891
20924
14407
54731
86319
74636
59915
2037
87593
78769
94645
86797
99740
72513
62121
48855
37241
12299
898
64074
48736
72616
51584
92564
27269
42366
32966
37713
74430
75801
5523
16665
34422
1092
65466
61872
47510
40996
92648
29630
75610
48285
54567
38522
29612
98035
29580
18158
19356
60759
50892
64998
79297
26703
6707
63754
3970
97070
72640
88011
64460
58115
51499
60097
5476
92021
25150
96568
11481
72170
79360
11204
3262
41773
15961
38287
35381
7577
92168
12347
76564
17016
43854
22069
92153
15950
43018
96612
63400
13367
57908
60872
68076
2123
13406
68968
61596
43714
93170
74031
6227
49546
24794
62750
80349
84376
20225
64983
8447
35816
33169
49523
35875
84420
52282
83091
30579
9907
28702
27045
66836
92032
131
70581
97201
69928
48455
77981
19350
83802
413
66857
20768
77222
34048
17384
19524
75406
52315
47732
67994
61297
27499
2533
22847
40746
4771
5286
34290
70395
74386
55091
15159
71462
25787
94236
15295
35685
10581
62631
65961
18299
66359
54002
50374
20214
78375
7478
90566
62877
11724
49103
61
19090
41517
26454
38388
45339
97547
45993
11333
88591
32736
88976
96558
54522
53663
2614
48453
20954
96118
37595
86727
49046
23375
25303
20791
74381
87946
99634
95023
13761
7762
74952
27071
58163
77689
34209
38185
18490
69628
85168
96932
73960
16632
14885
72159
53745
70556
72116
2861
71711
74108
32878
23346
77726
52324
47841
77610
2222
14057
82519
65731
81914
73897
93903
66793
93591
94706
9115
35222
16988
55730
70318
9632
3459
52988
51750
33710
47633
4407
22528
62798
11129
83306
28791
45857
18649
63835
88449
52017
55809
58165
11497
16559
35325
33137
2569
77845
92512
27464
36522
63535
67181
46389
34099
20868
79733
41189
86576
31073
46735
21480
97337
94313
58055
7985
75664
65527
92103
40292
33446
47142
64949
64411
44818
56068
94359
6545
45329
81987
81930
96326
76071
52583
87214
39638
89621
58712
36976
98715
7345
20074
6505
1955
22539
70913
71812
91463
71123
72585
13978
44566
34604
64574
13164
10106
37307
63773
65804
4120
7587
45948
42295
13757
29792
25784
62867
23628
34421
67833
75535
98259
51156
79163
86251
42501
3136
27180
867
4627
17855
29093
55222
60243
91430
86175
48902
37877
30078
52788
41100
55957
73918
54772
15927
42172
43978
11666
44922
26120
16880
45266
39425
86589
974
53369
77353
69489
86625
99264
69045
61734
31814
67683
96942
11728
99999
29320
88025
6657
43922
17189
36537
10683
28118
87966
52463
76335
73476
14125
91572
92437
29822
48515
65309
57517
1972
80336
57852
25551
77014
46400
43488
28267
38482
89515
6298
90568
439
25582
97942
23396
33454
43376
53429
91272
49317
22616
57153
75711
24110
427
76292
181
76816
88890
78973
44897
16610
76239
69845
41156
65932
91638
7209
48748
77843
12646
53358
74472
4501
31749
94887
13202
56485
52748
18412
40379
73459
25936
31259
55302
16342
69170
68486
39652
71551
40085
35213
37969
91229
94106
1221
25668
78206
57986
90868
12685
7700
59313
11787
35546
83944
65804
77355
72543
43712
3333
44127
41212
32728
20046
61622
22464
74775
79271
14147
93293
75785
99869
51146
84186
95674
57918
16074
4503
17563
71469
93446
13582
30578
37222
43195
91210
80585
82283
81617
37266
82076
99498
3876
96044
34885
72739
14525
53788
60473
9370
60619
60150
57564
60513
11251
53427
93658
46095
31610
84014
51740
97928
6156
60922
79959
1860
14711
28904
11704
22892
98673
10217
56896
51893
45828
58843
49185
80769
17001
76801
72842
55489
10705
706
76524
16757
75029
58851
29847
43942
34667
41203
98905
74778
47866
84054
45114
